0 0.3967 0.4799 0.1147 0.2216
0 0.6601 0.4355 0.0507 0.0917
0 0.0725 0.4223 0.0834 0.122
0 0.5456 0.4287 0.0151 0.0507
5 0.9233 0.6748 0.1503 0.3593
5 0.0581 0.6342 0.1162 0.3212
3 0.6179 0.3945 0.0961 0.125
5 0.6074 0.4633 0.0673 0.0693
5 0.4992 0.4555 0.0268 0.081
3 0.4882 0.4067 0.0263 0.0556
2 0.4887 0.4443 0.0244 0.1191
2 0.4721 0.4418 0.0273 0.1337
2 0.6523 0.4282 0.0253 0.124
2 0.5649 0.4389 0.0244 0.1279
2 0.7592 0.4326 0.0175 0.0859
2 0.7868 0.4316 0.0268 0.1308
2 0.8078 0.4301 0.0288 0.1396
2 0.8859 0.4326 0.0209 0.1015
2 0.0666 0.4482 0.0512 0.248
2 0.4484 0.3974 0.0073 0.041
2 0.4609 0.4707 0.0585 0.2851
2 0.5227 0.4799 0.059 0.288
2 0.6105 0.437 0.0727 0.3544
2 0.6166 0.4682 0.0644 0.3134
2 0.6894 0.4418 0.0791 0.3857
2 0.7102 0.5034 0.0913 0.4443
2 0.7373 0.5 0.1044 0.5097
2 0.8334 0.5141 0.0927 0.4521
2 0.1508 0.5107 0.1386 0.6757
2 0.944 0.4682 0.1098 0.5361
2 0.0231 0.415 0.0405 0.2207
0 0.177978515625 0.54833984375 0.35107421875 0.3896484375
