1 0.924 0.4589 0.1391 0.8398
4 0.122 0.4614 0.0537 0.0732
0 0.8068 0.3979 0.0122 0.0244
5 0.747 0.4101 0.039 0.0488
5 0.4626 0.4223 0.0219 0.0244
5 0.4199 0.4199 0.0244 0.0292
5 0.371 0.4248 0.0292 0.0292
0 0.7067 0.4052 -0.0268 0.0292
2 0.1079 0.4262 0.0117 0.0576
2 0.2028 0.4213 0.0209 0.0595
2 0.1872 0.4145 0.0141 0.0322
2 0.3513 0.4165 0.0063 0.0322
2 0.2534 0.4194 0.0058 0.0302
2 0.2927 0.4287 0.0073 0.0371
2 0.2983 0.4282 0.0097 0.0478
2 0.3247 0.4169 0.0058 0.0273
2 0.2629 0.4145 0.0151 0.0751
2 0.4084 0.4155 0.0141 0.0693
2 0.4555 0.4204 0.0126 0.0634
2 0.4501 0.4213 0.0126 0.0615
2 0.8256 0.4155 0.0126 0.0615
2 0.8332 0.4106 0.0131 0.0634
2 0.8205 0.4121 0.0151 0.0742
2 0.7724 0.4086 0.0117 0.0576
2 0.7858 0.4072 0.0151 0.0742
2 0.7233 0.4096 0.0131 0.0654
2 0.7246 0.4116 0.0117 0.0576
2 0.6655 0.4057 0.0126 0.0615
2 0.6718 0.4096 0.0136 0.0654
2 0.5148 0.414 0.0141 0.0683
2 0.518 0.414 0.0136 0.0683
2 0.5366 0.413 0.0117 0.0585
2 0.53 0.4155 0.0131 0.0634
2 0.5476 0.4145 0.0112 0.0556
2 0.5502 0.4145 0.0126 0.0615
2 0.5683 0.4135 0.0136 0.0673
2 0.5803 0.4135 0.0131 0.0634
2 0.5761 0.4125 0.0156 0.0771
2 0.5922 0.413 0.0136 0.0664
2 0.6022 0.4111 0.0141 0.0683
2 0.6054 0.4067 0.0195 0.0947
2 0.6157 0.4121 0.0117 0.0566
2 0.6225 0.415 0.0126 0.0605
2 0.6403 0.4145 0.0112 0.0556
2 0.6357 0.4101 0.0126 0.0625
2 0.6477 0.415 0.0112 0.0546
2 0.654 0.4169 0.019 0.0937
2 0.1625 0.4194 0.0146 0.0693
2 0.4228 0.4086 0.0078 0.038
2 0.4484 0.4062 0.0083 0.0429
2 0.4621 0.4072 0.0083 0.041
2 0.124 0.435 0.0224 0.1083
2 0.749 0.4018 0.0097 0.0478
2 0.789 0.4135 0.0136 0.0673
0 0.035888671875 0.44873046875 0.06787109375 0.1396484375
