0 0.0322265625 0.51025390625 0.0625 0.2119140625
0 0.538818359375 0.40673828125 0.08642578125 0.0751953125
0 0.4687 0.4101 0.0634 0.039
5 0.6066 0.4711 0.0708 0.122
5 0.3771 0.4565 0.0268 0.083
5 0.2612 0.4541 0.0244 0.0683
1 0.6835 0.3759 0.166 0.166
0 0.3625 0.4003 0.1049 0.0878
2 0.2194 0.4326 0.0092 0.0468
2 0.197 0.4335 0.0102 0.0488
2 0.5849 0.4155 0.0068 0.0322
2 0.2124 0.435 0.0087 0.0439
2 0.7231 0.4506 0.0595 0.29
2 0.7795 0.4589 0.059 0.289
2 0.8505 0.4404 0.083 0.4042
2 0.947 0.4741 0.0834 0.4072
2 0.9099 0.434 0.101 0.4931
2 0.9868 0.4726 0.0214 0.2832
2 0.1938 0.436 0.0087 0.0439
2 0.2602 0.4262 0.0185 0.0908
2 0.3732 0.4228 0.0219 0.1074
2 0.604 0.4301 0.0292 0.1435
2 0.1743 0.434 0.0136 0.0478
0 0.618408203125 0.41796875 0.07958984375 0.0390625
1 0.07275390625 0.34033203125 0.142578125 0.3837890625
